300,'5571',810,,549,1,,,0,118,,548,1,,,0,117,,547,1,,,0,110,,546,1,,,0,295,,545,1,,,0,158,,543,1,,,0,112,,542,1,,,0,115,,544,1,,,0
300,'5572',811,,553,1,,,0,230,,551,1,,,0,114,,554,1,,,0,170,,552,1,,,0,125,,550,1,,,0
300,'5573',925,,558,1,,,0,231,,555,1,,,0,294,,556,1,,,0,155,,557,1,,,0
301,'5571',759,,566,5,4,,0,158,,565,5,4,,0,112,,564,5,4,,0,118,,563,5,4,,0,296,,562,5,4,,0,111,,559,5,4,,0,155,,560,5,4,,0,118,,561,5,4,,0
301,'5572',803,,570,5,4,,0,229,,567,5,4,,0,115,,571,5,4,,0,170,,568,5,4,,0,125,,569,5,4,,0
301,'5573',915,,575,5,4,,0,232,,572,5,4,,0,295,,573,5,4,,0,113,,574,5,4,,0
600,'5571',656,2,630,7,0,14,0
600,'5572',659,2,631,8,0,14,0,262,2,632,8,0,14,0
600,'5573',741,,634,8,0,14,0,102,2,633,8,0,14,0
601,'5571',2022,2,635,5,0,9 10 2 11 12 13,0,204,2,636,5,0,9 10 2 11 12 13,0
601,'5572',1832,2,638,5,0,9 10 2 11 12 13,0,190,2,637,5,0,9 10 2 11 12 13,0,204,2,639,5,0,9 10 2 11 12 13,0
601,'5573',1823,2,640,5,0,9 10 2 11 12 13,0,199,2,641,5,0,9 10 2 11 12 13,0
