1,100,'5571',481,482,483,484,485
1,100,'5572',486,487,488,489,490
1,100,'5573',491,492,493,494,495
2,200,'5571',496,497,498,499,500,501,502,503,504
2,200,'5572',505,506,507,508,509,510,511,512
2,200,'5573',513,514,515,516,517,518
2,201,'5571',519,520,521,522,523,524,525,526,527
2,201,'5572',528,529,530,531,532,533,534,535
2,201,'5573',536,537,538,539,540,541
3,300,'5571',542,543,544,545,546,547,548,549
3,300,'5572',550,551,552,553,554
3,300,'5573',555,556,557,558
3,301,'5571',559,560,561,562,563,564,565,566
3,301,'5572',567,568,569,570,571
3,301,'5573',572,573,574,575
4,400,'5571',576,577,578
4,400,'5572',579,580,581,582,583
4,400,'5573',584,585,586
4,401,'5571',587,588,589
4,401,'5572',590,591,592,593,594
4,401,'5573',595,596,597
5,500,'5571',598,599,600,601,602,603
5,500,'5572',604,605,606,607,608
5,500,'5573',609,610,611,612,613
5,501,'5571',614,615,616,617,618,619
5,501,'5572',620,621,622,623,624
5,501,'5573',625,626,627,628,629
6,600,'5571',630
6,600,'5572',631,632
6,600,'5573',633,634
6,601,'5571',635,636
6,601,'5572',637,638,639
6,601,'5573',640,641
7,701,'5571',642,643,644
7,701,'5572',645,646,647
7,701,'5573',648,649,650
