500,'5571',844,,603,1,,,0,202,,602,1,,,0,200,,600,1,,,0,162,,601,1,,,0,228,,599,1,,,0,200,,598,1,,,0
500,'5572',729,,607,1,,,0,322,,608,1,,,0,170,,604,1,,,0,194,,605,1,,,0,225,,606,1,,,0
500,'5573',1017,,613,1,,,0,96,,612,1,,,0,117,,609,1,,,0,291,,610,1,,,0,115,,611,1,,,0
501,'5571',844,,619,4,4,,0,202,,618,4,4,,0,200,,616,4,4,,0,162,,617,4,4,,0,228,,615,4,4,,0,200,,614,4,4,,0
501,'5572',729,,623,4,4,,0,322,,624,4,4,,0,170,,622,4,4,,0,194,,621,4,4,,0,225,,620,4,4,,0
501,'5573',1017,,628,4,4,,0,96,,629,4,4,,0,117,,627,4,4,,0,291,,625,4,4,,0,115,,626,4,4,,0
600,'5571',639,,630,4,0,9 10 2 11 12 13,0
600,'5572',642,,631,5,0,14,0,262,,632,5,0,14,0
600,'5573',726,,634,5,0,14,0,100,,633,5,0,14,0
601,'5571',2034,,635,7,0,14,0,204,,636,7,0,14,0
601,'5572',1844,,638,7,0,14,0,190,,637,7,0,14,0,204,,639,7,0,14,0
601,'5573',1835,,640,7,0,14,0,199,,641,7,0,14,0
