200,'5179',949,,261,1,,,0,151,,259,1,,,0,140,,260,1,,,0,185,,265,1,,,0,190,,263,1,,,0,185,,262,1,,,0,135,,264,1,,,0,180,,266,1,,,0
200,'5571',605,,503,1,,,0,135,,504,1,,,0,200,,502,1,,,0,200,,501,1,,,0,200,,498,1,,,0,200,,500,1,,,0,200,,499,1,,,0,200,,497,1,,,0,200,,496,1,,,0
200,'5572',740,,505,1,,,0,200,,506,1,,,0,200,,507,1,,,0,200,,508,1,,,0,200,,509,1,,,0,200,,510,1,,,0,200,,511,1,,,0,200,,512,1,,,0
200,'5573',940,,513,1,,,0,200,,514,1,,,0,200,,515,1,,,0,200,,516,1,,,0,200,,517,1,,,0,200,,518,1,,,0
201,'5179',905,,303,5,4,,0,143,,304,5,4,,0,182,,305,5,4,,0,110,,310,5,4,,0,260,,307,5,4,,0,148,,306,5,4,,0,179,,308,5,4,,0,183,,309,5,4,,0
201,'5571',602,,527,5,4,,0,130,,526,5,4,,0,195,,525,5,4,,0,200,,524,5,4,,0,200,,522,5,4,,0,200,,523,5,4,,0,200,,521,5,4,,0,200,,520,5,4,,0,200,,519,5,4,,0
201,'5572',735,,529,5,4,,0,195,,528,5,4,,0,200,,530,5,4,,0,200,,531,5,4,,0,200,,532,5,4,,0,200,,533,5,4,,0,202,,534,5,4,,0,198,,535,5,4,,0
201,'5573',930,,536,5,4,,0,200,,537,5,4,,0,200,,538,5,4,,0,200,,539,5,4,,0,200,,540,5,4,,0,200,,541,5,4,,0
900,'5179',946,,471,2,4,,0,470,,472,2,4,,0
901,'5179',915,,478,1,,,0,430,,479,1,,,0
