300,'5571',818,,549,4,,,0,118,,548,4,,,0,117,,547,4,,,0,150,,546,4,,,0,255,,545,4,,,0,158,,543,4,,,0,112,,542,4,,,0,115,,544,4,,,0
300,'5572',819,,553,4,,,0,230,,551,4,,,0,154,,554,4,,,0,130,,552,4,,,0,125,,550,4,,,0
300,'5573',933,,558,4,,,0,271,,555,4,,,0,254,,556,4,,,0,155,,557,4,,,0
500,'5571',853,,603,2,,,0,202,,602,2,,,0,200,,600,2,,,0,162,,601,2,,,0,239,,599,3,,,0,200,,598,3,,,0
500,'5572',738,,607,2,,,0,362,,608,2,,,0,130,,604,2,,,0,194,,605,2,,,0,276,,606,3,,,0
500,'5573',1026,,613,2,,,0,96,,612,2,,,0,117,,609,2,,,0,291,,610,2,,,0,126,,611,3,,,0
600,'5571',704,,630,10,0,14,0
600,'5572',707,,631,11,0,14,0,222,,632,11,0,14,0
600,'5573',749,,634,11,0,14,0,102,,633,11,0,14,0
601,'5571',2054,,635,9,0,14,0
601,'5572',1904,,638,9,0,14,0,150,,637,9,0,14,0
601,'5573',1855,,640,9,0,14,0,199,,641,9,0,14,0
