1,100,'5174',209,224,210,225,211
1,100,'5179',219,220,221,222,223
2,200,'5174',226,227,228,234,229,267,235,230,268,269,236
2,200,'5179',259,260,261,262,263,264,265,266
2,201,'5174',270,271,272,278,273,311,312,279,274,313,280
2,201,'5179',303,304,305,306,307,308,309,310
3,300,'5174',314,315,316,332,333,334,321,335
3,300,'5179',328,329,330,331
3,301,'5174',336,337,338,354,355,356,343,357
3,301,'5179',350,351,352,353
4,400,'5174',370,371,372
4,400,'5179',366,367,368,369
4,401,'5174',385,386,387
4,401,'5179',381,382,383,384
5,500,'5174',388,389,406,407,392,393
5,500,'5179',401,402,403,404,405
5,501,'5174',408,409,426,427,412,413
5,501,'5179',421,422,423,424,425
6,600,'5174',429,428,430
6,600,'5179',438,439,440,441
6,601,'5174',442,443,444
6,601,'5179',452,453,454,455
7,701,'5174',456,465,466
7,701,'5179',462,463,464
9,900,'5174',473,467
9,900,'5179',471,472
9,901,'5174',480,474
9,901,'5179',478,479
