100,'5174',844,,210,1,0,5 6,0,58,,210,6,4,,0,109,,211,1,0,5 6,0,18,,211,6,4,,0,81,,225,1,0,5 6,0,18,,225,6,4,,0,177,,209,1,0,5 6,0,18,,209,6,4,,0,135,,224,1,0,5 6,0,58,,224,6,4,,0
100,'5179',716,,219,1,0,5 6,0,17,,219,6,4,,0,308,,221,1,0,5 6,0,17,,221,6,4,,0,155,,220,1,0,5 6,0,17,,220,6,4,,0,290,,222,1,0,5 6,0,17,,222,6,4,,0,169,,223,1,0,5 6,0,17,,223,6,4,,0
200,'5174',620,,226,5,4,,0,138,,227,5,4,,0,253,,230,5,4,,0,109,,228,5,4,,0,180,,229,5,4,,0,145,,267,5,4,,0,185,,268,5,4,,0,88,,234,5,4,,0,92,,235,5,4,,0,143,,269,5,4,,0,247,,236,5,4,,0
200,'5179',1009,,261,5,4,,0,111,,259,5,4,,0,180,,260,5,4,,0,145,,265,5,4,,0,190,,263,5,4,,0,185,,262,5,4,,0,135,,264,5,4,,0,180,,266,5,4,,0
201,'5174',533,,270,1,,,0,173,,272,1,,,0,143,,274,1,,,0,181,,271,1,,,0,180,,273,1,,,0,147,,311,1,,,0,150,,312,1,,,0,128,,278,1,,,0,85,,279,1,,,0,185,,313,1,,,0,205,,280,1,,,0
201,'5179',845,,303,1,,,0,183,,304,1,,,0,182,,305,1,,,0,110,,310,1,,,0,220,,307,1,,,0,188,,306,1,,,0,179,,308,1,,,0,143,,309,1,,,0
300,'5174',826,,315,6,4,,0,115,,314,6,4,,0,115,,316,6,4,,0,155,,334,6,4,,0,295,,332,6,4,,0,115,,321,6,4,,0,115,,335,6,4,,0,115,,333,6,4,,0
300,'5179',941,,331,6,4,,0,270,,328,6,4,,0,130,,330,6,4,,0,280,,329,6,4,,0
301,'5174',747,,337,1,,,0,156,,336,1,,,0,112,,338,1,,,0,116,,356,1,,,0,294,,354,1,,,0,117,,343,1,,,0,113,,357,1,,,0,157,,355,1,,,0
301,'5179',902,,353,1,,,0,230,,352,1,,,0,170,,350,1,,,0,240,,351,1,,,0
400,'5174',1110,,370,3,4,,0,245,,371,3,4,,0,247,,372,3,4,,0
400,'5179',617,,369,3,4,,0,608,,366,3,4,,0,178,,368,3,4,,0,56,,367,3,4,,0
401,'5174',1022,,385,1,,,0,305,,386,1,,,0,190,,387,1,,,0
401,'5179',552,,384,1,,,0,591,,382,1,,,0,195,,383,1,,,0,80,,381,1,,,0
500,'5174',840,,388,4,4,,0,366,,389,4,4,,0,197,,406,4,4,,0,134,,392,4,4,,0,179,,407,5,4,,0,184,,393,5,4,,0
500,'5179',1023,,405,5,4,,0,117,,401,5,4,,0,195,,403,4,4,,0,197,,404,5,4,,0,171,,402,5,4,,0
501,'5174',800,,408,1,,,0,326,,409,1,,,0,197,,426,1,,,0,184,,412,1,,,0,128,,427,1,,,0,184,,413,1,,,0
501,'5179',943,,424,1,,,0,157,,421,1,,,0,206,,425,1,,,0,146,,422,1,,,0,171,,423,1,,,0
600,'5174',706,,428,6,4,,0,1334,,429,3,4,,0,266,,430,5,4,,0
600,'5179',715,,439,6,4,,0,117,,438,6,4,,0,1071,,441,5,4,,0,147,,440,3,4,,0
601,'5174',622,,442,1,,,0,1333,,443,1,,,0,254,,444,1,,,0
601,'5179',621,,452,1,,,0,115,,453,1,,,0,1070,,455,1,,,0,199,,454,1,,,0
701,'5174',827,,456,1,0,7 8,0,21,,456,4,4,,0,367,,466,1,0,7 8,0,21,,466,4,4,,0,396,,465,1,0,7 8,0,21,,465,4,4,,0
701,'5179',1145,,463,1,0,7 8,0,61,,463,4,4,,0,253,,464,1,0,7 8,0,61,,464,4,4,,0,132,,462,1,0,7 8,0,61,,462,4,4,,0
